Seq_problema	oxacillin-hydrolyzing	100.000	266	0	0	1	266	1	798	0.0	525
Seq_problema	blaOXA-29_1_AJ400619	100.000	266	0	0	1	266	1	798	0.0	525
Seq_problema	blaOXA-18_1_U85514	44.351	239	128	4	22	260	112	813	1.93e-58	184
Seq_problema	ampH_2_HQ586946	46.025	239	125	4	20	257	64	771	1.96e-58	184
Seq_problema	ampH_1_AJ276031	46.025	239	125	4	20	257	64	771	2.12e-58	184
Seq_problema	blaOXA-42_1_AJ488302	41.224	245	140	3	20	261	67	798	3.73e-58	183
Seq_problema	blaOXA-59_1_AJ632249	41.224	245	140	3	20	261	67	798	4.68e-58	183
Seq_problema	ampS_1_X80276	46.383	235	122	4	24	257	76	771	9.71e-58	182
Seq_problema	blaOXA-43_1_AJ488303	40.816	245	141	3	20	261	67	798	2.22e-57	181
Seq_problema	blaOXA-57_1_AJ631966	40.816	245	141	3	20	261	67	798	2.27e-57	181
Seq_problema	blaOXA-364_1_JX306689	42.342	222	115	4	41	256	151	795	7.31e-56	177
Seq_problema	blaOXA-513_1_KU323972	41.818	220	115	4	41	254	151	789	1.25e-54	174
Seq_problema	blaOXA-459_1_KP903889	39.207	227	135	3	41	266	151	825	1.39e-54	174
Seq_problema	blaOXA-455_1_KP903885	41.818	220	115	4	41	254	151	789	1.69e-54	174
Seq_problema	blaOXA-114g_1_HM368376	37.795	254	151	5	4	252	28	783	2.00e-54	174
Seq_problema	blaOXA-243_1_AFRQ01000031	41.395	215	123	3	41	254	151	789	2.16e-54	174
Seq_problema	blaOXA-114f_1_HM368375	37.795	254	151	5	4	252	28	783	2.25e-54	174
Seq_problema	blaOXA-114e_1_HM104634	37.795	254	151	5	4	252	28	783	2.98e-54	173
Seq_problema	blaOXA-457_1_KP903887	41.395	215	123	3	41	254	151	789	5.88e-54	172
Seq_problema	blaOXA-114a_1_EU188842	37.795	254	151	5	4	252	28	783	7.46e-54	172
Seq_problema	blaOXA-114b_1_HM056040	37.795	254	151	5	4	252	28	783	7.70e-54	172
Seq_problema	blaOXA-458_1_KP903888	40.465	215	125	3	41	254	151	789	7.87e-54	172
Seq_problema	blaOXA-114d_1_HM104633	37.795	254	151	5	4	252	28	783	1.02e-53	172
Seq_problema	blaOXA-114c_1_HM056041	37.402	254	152	5	4	252	28	783	3.23e-53	171
Seq_problema	blaOXA-258_1_HE614014	37.302	252	151	5	20	266	73	822	9.12e-52	167
Seq_problema	blaOXA-427_1_KX827604	42.437	238	135	2	20	257	64	771	3.55e-51	165
Seq_problema	blaOXA-9_1_KQ089875	39.855	276	148	8	1	262	1	816	7.12e-51	164
Seq_problema	blaOXA-443_1_LC030178	39.004	241	139	4	24	257	79	798	8.79e-51	164
Seq_problema	blaOXA-45_1_AJ519683	42.231	251	136	7	10	257	37	771	7.88e-50	162
Seq_problema	blaOXA-47_1_AY237830	42.017	238	125	4	24	257	127	813	3.70e-48	157
Seq_problema	blaOXA-392_1_AB901044	41.597	238	126	4	24	257	127	813	1.52e-47	156
Seq_problema	blaOXA-4_1_AY162283	41.597	238	126	4	24	257	127	813	3.55e-47	155
Seq_problema	blaOXA-224_1_JN412067	41.597	238	126	4	24	257	127	813	3.75e-47	155
Seq_problema	blaOXA-1_1_HQ170510	41.176	238	127	4	24	257	127	813	1.12e-46	154
Seq_problema	blaOXA-31_1_AF294653	41.176	238	127	4	24	257	127	813	1.95e-46	153
Seq_problema	blaOXA-320_1_KF151169	41.991	231	121	4	24	250	127	792	2.00e-46	153
Seq_problema	blaOXA-534_1_KX714285	41.176	238	127	4	24	257	127	813	3.03e-46	153
Seq_problema	blaOXA-22_1_AF064820	36.515	241	145	4	24	257	76	795	1.83e-45	150
Seq_problema	blaOXA-444_1_CP010800	31.795	195	116	5	41	235	196	729	6.68e-21	86.3
Seq_problema	blaOXA-60d_1_AY664506	31.282	195	117	5	41	235	196	729	3.02e-20	84.3
Seq_problema	blaOXA-60b_1_AY664504	31.282	195	117	5	41	235	196	729	3.37e-20	84.3
Seq_problema	blaOXA-199_1_JN704570	29.825	228	120	7	20	235	118	717	5.59e-20	83.6
Seq_problema	blaOXA-60c_1_AY664505	32.275	189	111	5	47	235	214	729	1.26e-19	82.8
Seq_problema	blaOXA-514_1_KU866382	30.667	225	122	6	20	235	118	717	2.27e-19	81.6
Seq_problema	blaOXA-245_1_JX438001	29.386	228	121	7	20	235	118	717	2.90e-19	81.6
Seq_problema	blaOXA-162_1_GU197550	29.386	228	121	7	20	235	118	717	3.24e-19	81.3
Seq_problema	blaOXA-48_1_AY236073	29.386	228	121	7	20	235	118	717	3.96e-19	81.3
Seq_problema	blaOXA-505_1_KU531433	29.386	228	121	7	20	235	118	717	4.04e-19	81.3
Seq_problema	blaOXA-204_1_KP027885	29.386	228	121	7	20	235	118	717	4.08e-19	81.3
Seq_problema	blaOXA-547_1_KY684124	29.386	228	121	7	20	235	118	717	4.29e-19	80.9
Seq_problema	blaOXA-54_1_AY500137	30.222	225	123	6	20	235	118	717	4.89e-19	80.9
Seq_problema	blaOXA-252_1_NG_050608	29.386	228	121	7	20	235	118	717	5.63e-19	80.9
Seq_problema	blaOXA-546_1_KY682756	29.386	228	121	7	20	235	118	717	7.46e-19	80.5
Seq_problema	blaOXA-247_1_JX893517	28.947	228	118	7	20	235	118	705	8.18e-19	80.1
Seq_problema	blaOXA-60a_1_AY662675	31.746	189	112	5	47	235	214	729	9.15e-19	80.1
Seq_problema	blaOXA-60_1_AF525303	31.746	189	112	5	47	235	214	729	9.15e-19	80.1
Seq_problema	blaOXA-416_1_KP264119	30.222	225	123	6	20	235	118	717	1.20e-18	79.7
Seq_problema	blaOXA-519_1_KX349732	28.947	228	122	7	20	235	118	717	1.21e-18	79.7
Seq_problema	blaOXA-438_1_KP410734	30.222	225	121	6	20	235	118	711	1.49e-18	79.3
Seq_problema	blaOXA-370_1_KJ488943	28.947	228	122	7	20	235	118	717	1.54e-18	79.3
Seq_problema	blaOXA-244_1_KP659189	30.222	225	123	6	20	235	118	717	1.58e-18	79.3
Seq_problema	blaOXA-538_1_KX827284	28.947	228	122	7	20	235	118	717	1.70e-18	79.3
Seq_problema	blaOXA-439_1_KP727573	28.947	228	118	7	20	235	118	705	2.02e-18	79.0
Seq_problema	blaOXA-405_1_KM589641	28.947	228	118	7	20	235	118	705	2.70e-18	79.0
Seq_problema	blaOXA-517_1_KU878974	30.263	228	117	8	20	235	118	711	2.73e-18	79.0
Seq_problema	blaOXA-566_1_MF099636	28.947	228	122	7	20	235	118	717	2.95e-18	78.6
Seq_problema	blaOXA-163_1_HQ700343	28.947	228	118	7	20	235	118	705	2.96e-18	78.6
Seq_problema	blaOXA-515_1_KU866383	28.947	228	122	7	20	235	118	717	3.46e-18	78.6
Seq_problema	blaOXA-181_1_CM004561	28.509	228	123	7	20	235	118	717	5.27e-18	78.2
Seq_problema	blaOXA-436_1_KT959105	29.911	224	123	6	21	235	121	717	5.59e-18	77.8
Seq_problema	blaOXA-232_1_JX423831	28.509	228	123	7	20	235	118	717	1.04e-17	77.4
Seq_problema	blaOXA-535_1_KX828709	29.464	224	124	6	21	235	121	717	1.14e-17	77.0
Seq_problema	blaOXA-484_1_KR401105	28.509	228	123	7	20	235	118	717	2.09e-17	76.3
Seq_problema	blaOXA-395_1_AY306133	29.694	229	136	9	29	249	136	771	1.68e-16	73.9
Seq_problema	blaOXA-486_1_AY597426	29.258	229	137	9	29	249	136	771	2.20e-16	73.6
Seq_problema	blaOXA-50_1_AY306130	29.258	229	137	9	29	249	136	771	3.02e-16	73.2
Seq_problema	blaOXA-488_1_CP017969	29.258	229	137	9	29	249	136	771	3.27e-16	73.2
Seq_problema	blaOXA-485_1_LLNM01000004	29.258	229	137	9	29	249	136	771	3.79e-16	72.8
Seq_problema	blaOXA-494_1_AY597430	29.258	229	137	9	29	249	136	771	4.31e-16	72.8
Seq_problema	blaOXA-396_1_AY306134	29.258	229	137	9	29	249	136	771	4.31e-16	72.8
Seq_problema	blaOXA-37_1_AY007784	28.340	247	145	8	20	257	118	789	7.41e-16	72.0
Seq_problema	blaOXA-20_2_AF024602	29.665	209	119	7	20	223	118	675	8.59e-16	72.0
Seq_problema	blaOXA-20_1_AY307114	29.665	209	119	7	20	223	118	675	8.59e-16	72.0
Seq_problema	blaOXA-478_1_KR182171	29.000	200	129	5	36	235	169	729	1.18e-15	71.6
Seq_problema	blaOXA-548_1_KY682750	30.303	198	119	5	39	235	253	792	1.27e-15	71.6
Seq_problema	blaOXA-553_1_KY682755	30.303	198	119	5	39	235	268	807	1.34e-15	71.6
Seq_problema	blaOXA-137_1_EU086834	30.000	200	127	5	36	235	169	729	2.38e-15	70.9
Seq_problema	blaOXA-551_1_KY682753	29.293	198	121	5	39	235	268	807	2.43e-15	70.9
Seq_problema	blaOXA-151_1_CP009553	28.761	226	139	7	22	242	190	816	2.83e-15	70.5
Seq_problema	blaOXA-21_1_AB626885	27.700	213	118	9	20	223	118	675	2.93e-15	70.5
Seq_problema	blaOXA-470_1_KR182163	30.000	200	127	5	36	235	169	729	2.98e-15	70.5
Seq_problema	blaOXA-479_1_KR182172	30.000	200	127	5	36	235	169	729	3.04e-15	70.5
Seq_problema	blaOXA-473_1_KR182166	29.703	202	125	6	36	235	169	729	3.04e-15	70.5
Seq_problema	blaOXA-471_1_EU086833	29.703	202	125	6	36	235	169	729	3.41e-15	70.1
Seq_problema	blaOXA-477_1_KR182170	29.500	200	128	5	36	235	169	729	3.55e-15	70.1
Seq_problema	blaOXA-474_1_KR182167	29.500	200	128	5	36	235	169	729	3.88e-15	70.1
Seq_problema	blaOXA-475_1_KR182168	29.500	200	128	5	36	235	169	729	3.92e-15	70.1
Seq_problema	blaOXA-476_1_KR182169	29.500	200	128	5	36	235	169	729	4.11e-15	70.1
Seq_problema	blaOXA-85_1_JANA01000064	30.348	201	123	5	41	239	166	723	4.15e-15	69.7
Seq_problema	blaOXA-136_1_EU086831	29.500	200	128	5	36	235	169	729	4.67e-15	69.7
Seq_problema	blaOXA-192_1_JF273470	29.000	200	129	5	36	235	169	729	4.86e-15	69.7
Seq_problema	blaOXA-226_1_FJ617207	28.780	205	107	7	28	223	151	675	5.02e-15	69.7
Seq_problema	blaOXA-3_1_L07945	27.700	213	118	9	20	223	118	675	5.87e-15	69.7
Seq_problema	blaOXA-62_1_AY423074	28.319	226	140	7	22	242	190	816	6.28e-15	69.7
Seq_problema	blaOXA-34_1_AF350424	28.780	205	107	7	28	223	151	675	6.34e-15	69.3
Seq_problema	blaOXA-152_1_KP771980	28.319	226	140	7	22	242	190	816	6.73e-15	69.7
Seq_problema	blaOXA-539_1_KY094077	29.756	205	106	8	28	223	151	678	7.28e-15	69.3
Seq_problema	blaOXA-141_1_EF552405	29.756	205	105	7	28	223	151	675	7.64e-15	69.3
Seq_problema	blaOXA-552_1_KY682754	29.293	198	121	5	39	235	253	792	1.03e-14	68.9
Seq_problema	blaOXA-549_1_KY682751	29.293	198	121	5	39	235	253	792	1.06e-14	68.9
Seq_problema	blaOXA-240_1_JX089628	29.534	193	120	5	41	232	175	708	1.07e-14	68.9
Seq_problema	blaOXA-415_1_KJ865754	29.268	205	106	7	28	223	151	675	1.10e-14	68.9
Seq_problema	blaOXA-540_1_KJ138219	29.268	205	106	7	28	223	151	675	1.14e-14	68.9
Seq_problema	blaOXA-2_1_DQ112222	29.268	205	106	7	28	223	151	675	1.15e-14	68.9
Seq_problema	blaOXA-2_2_GQ466184	29.268	205	106	7	28	223	151	675	1.15e-14	68.9
Seq_problema	blaOXA-32_1_AF315351	28.780	205	107	7	28	223	151	675	1.18e-14	68.9
Seq_problema	blaOXA-157_1_KP771985	27.602	221	126	8	36	245	232	825	1.23e-14	68.9
Seq_problema	blaOXA-210_1_JF795487	29.268	205	106	7	28	223	151	675	1.48e-14	68.6
Seq_problema	blaOXA-550_1_KY682752	29.293	198	121	5	39	235	253	792	1.57e-14	68.6
Seq_problema	blaOXA-16_1_AF043100	29.534	193	120	5	41	232	149	682	1.79e-14	68.2
Seq_problema	blaOXA-520_1_KX388630	28.497	193	122	5	41	232	175	708	4.15e-14	67.0
Seq_problema	blaOXA-142_1_LC169567	29.016	193	121	5	41	232	175	708	4.57e-14	67.0
Seq_problema	blaOXA-161_1_GQ202693	28.780	205	107	7	28	223	151	675	4.61e-14	67.0
Seq_problema	blaOXA-17_1_DQ902344	29.016	193	121	5	41	232	175	708	4.61e-14	67.0
Seq_problema	blaOXA-490_1_KU721147	25.926	216	133	7	36	249	148	720	4.65e-14	66.6
Seq_problema	blaOXA-147_1_FJ848783	28.497	193	122	5	41	232	175	708	5.66e-14	66.6
Seq_problema	blaOXA-56_1_AY445080	29.016	193	121	5	41	232	175	708	6.30e-14	66.6
Seq_problema	blaOXA-28_1_AF231133	28.497	193	122	5	41	232	175	708	6.55e-14	66.6
Seq_problema	blaOXA-14_1_KJ420612	29.016	193	121	5	41	232	175	708	6.81e-14	66.6
Seq_problema	blaOXA-256_1_HE616889	29.016	193	121	5	41	232	175	708	7.22e-14	66.2
Seq_problema	blaOXA-13_1_AF043558	29.016	193	121	5	41	232	175	708	7.22e-14	66.2
Seq_problema	blaOXA-10_1_J03427	29.016	193	121	5	41	232	175	708	7.65e-14	66.2
Seq_problema	blaOXA-368_1_KT736121	29.016	193	121	5	41	232	175	708	7.65e-14	66.2
Seq_problema	blaOXA-13_1_U59183	29.016	193	121	5	41	232	175	708	7.80e-14	66.2
Seq_problema	blaOXA-74_1_EU161636	29.016	193	121	5	41	232	175	708	8.03e-14	66.2
Seq_problema	blaOXA-464_1_KU721146	25.926	216	133	7	36	249	148	720	8.86e-14	65.9
Seq_problema	blaOXA-246_1_EU886980	29.016	193	121	5	41	232	175	708	9.84e-14	65.9
Seq_problema	blaOXA-19_1_AF043381	29.016	193	121	5	41	232	175	708	1.12e-13	65.9
Seq_problema	blaOXA-101_1_AM412777	29.016	193	121	5	41	232	175	708	1.13e-13	65.9
Seq_problema	blaOXA-35_1_AF315786	29.016	193	121	5	41	232	175	708	1.22e-13	65.9
Seq_problema	blaOXA-15_1_U63835	28.780	205	107	7	28	223	151	675	1.29e-13	65.9
Seq_problema	blaOXA-541_1_FM179467	28.780	205	107	7	28	223	151	675	1.46e-13	65.5
Seq_problema	blaOXA-36_1_AF300985	28.780	205	107	7	28	223	118	642	2.13e-13	64.7
Seq_problema	blaOXA-454_1_LC037981	28.497	193	122	5	41	232	175	708	2.40e-13	65.1
Seq_problema	blaOXA-233_1_KJ657570	28.497	193	122	5	41	232	175	708	2.91e-13	64.7
Seq_problema	blaOXA-53_1_AY289608	28.846	208	122	6	20	223	118	675	3.01e-13	64.7
Seq_problema	blaOXA-183_1_HQ111474	29.016	193	121	5	41	232	175	708	3.08e-13	64.7
Seq_problema	blaOXA-11_1_Z22590	28.497	193	122	5	41	232	175	708	3.36e-13	64.7
Seq_problema	blaOXA-491_1_KU721148	25.463	216	134	7	36	249	148	720	3.85e-13	64.3
Seq_problema	blaOXA-63_1_AY619003	29.500	200	127	5	36	235	169	726	3.85e-13	64.3
Seq_problema	blaOXA-118_1_AF371964	28.283	198	117	6	28	223	151	675	3.85e-13	64.3
Seq_problema	blaOXA-7_1_X75562	28.497	193	121	5	41	232	178	708	4.58e-13	64.3
Seq_problema	blaOXA-154_1_KP771982	28.505	214	136	7	22	235	211	801	4.90e-13	64.3
Seq_problema	blaOXA-119_1_DQ767903	28.283	198	117	6	28	223	151	675	5.50e-13	63.9
Seq_problema	blaOXA-46_1_AF317511	28.241	216	113	8	20	223	118	675	5.94e-13	63.9
Seq_problema	blaOXA-466_1_KR061501	25.306	245	145	7	6	235	10	675	6.16e-13	63.5
Seq_problema	blaOXA-155_1_KP771983	28.037	214	137	6	22	235	211	801	1.12e-12	63.2
Seq_problema	blaOXA-55_1_AY343493	28.125	192	119	5	45	235	268	789	1.17e-12	63.2
Seq_problema	blaOXA-145_1_FJ790516	28.205	195	119	6	41	232	175	705	1.17e-12	62.8
Seq_problema	blaOXA-205_1_JF800667	29.293	198	115	6	28	223	151	675	1.25e-12	62.8
Seq_problema	blaOXA-472_1_KR182165	30.366	191	120	5	36	226	169	702	1.29e-12	62.8
Seq_problema	blaOXA-251_1_JN118546	28.497	193	122	5	41	232	175	708	2.07e-12	62.4
Seq_problema	blaOXA-489_1_CP013733	25.893	224	136	6	22	245	91	672	2.30e-12	62.0
Seq_problema	blaOXA-465_1_KR061500	24.898	245	146	7	6	235	10	675	2.30e-12	62.0
Seq_problema	blaOXA-460_1_KR061508	25.893	224	136	6	22	245	91	672	2.30e-12	62.0
Seq_problema	blaOXA-156_1_KP771984	26.549	226	144	7	22	242	184	810	3.07e-12	62.0
Seq_problema	blaOXA-SHE_1_AY066004	28.125	192	119	5	45	235	268	789	3.11e-12	62.0
Seq_problema	blaOXA-449_1_KR061498	25.296	253	156	6	1	239	1	702	3.19e-12	61.6
Seq_problema	blaOXA-461_1_KR061509	25.641	234	130	7	12	245	103	672	4.43e-12	61.2
Seq_problema	blaOXA-184_1_JQ396378	24.898	245	146	7	6	235	10	675	5.47e-12	60.8
Seq_problema	blaOXA-185_1_JQ396379	24.898	245	146	7	6	235	10	675	5.74e-12	60.8
Seq_problema	blaOXA-134_1_HQ122933	25.225	222	140	9	20	235	124	729	5.82e-12	60.8
Seq_problema	blaOXA-230_1_JQ422054	26.364	220	140	7	20	235	136	741	5.90e-12	60.8
Seq_problema	blaOXA-448_1_KR061497	24.590	244	156	5	1	235	1	675	6.76e-12	60.5
Seq_problema	blaOXA-300_1_APPK01000054	26.728	217	137	7	20	232	136	732	7.27e-12	60.8
Seq_problema	blaOXA-335_1_KF203109	25.571	219	137	9	20	232	124	720	7.32e-12	60.8
Seq_problema	blaOXA-153_1_KP771981	27.313	227	141	7	22	242	202	828	8.98e-12	60.5
Seq_problema	blaOXA-193_1_CP013032	25.446	224	137	6	22	245	91	672	1.07e-11	60.1
Seq_problema	blaOXA-452_1_KR061505	25.446	224	137	6	22	245	91	672	1.09e-11	60.1
Seq_problema	blaOXA-61_1_AY587956	27.684	177	119	3	22	198	91	594	1.41e-11	59.7
Seq_problema	blaOXA-450_1_KR061502	25.641	234	130	7	12	245	103	672	1.50e-11	59.7
Seq_problema	blaOXA-265_1_APQR01000003	25.523	239	147	9	21	247	148	807	1.51e-11	59.7
Seq_problema	blaOXA-215_1_JN861783	25.523	239	147	9	21	247	148	807	1.56e-11	59.7
Seq_problema	blaOXA-214_1_JN861782	25.523	239	147	9	21	247	148	807	1.56e-11	59.7
Seq_problema	blaOXA-264_1_APQQ01000012	25.417	240	148	9	20	247	145	807	1.62e-11	59.7
Seq_problema	blaOXA-447_1_KR061496	25.339	221	142	5	15	235	82	675	1.93e-11	59.3
Seq_problema	blaOXA-239_1_JQ837239	25.389	193	125	7	41	232	211	735	2.25e-11	59.3
Seq_problema	blaOXA-333_1_KF203107	28.155	206	127	6	21	223	145	708	3.18e-11	58.9
Seq_problema	blaOXA-451_1_KR061504	25.446	224	137	6	22	245	91	672	3.52e-11	58.5
Seq_problema	blaOXA-237_1_JQ820241	28.311	219	131	9	20	232	133	729	3.58e-11	58.9
Seq_problema	blaOXA-493_1_CP007774	29.204	113	79	1	19	131	82	417	3.58e-11	58.5
Seq_problema	blaOXA-493_1_KU739135	29.204	113	79	1	19	131	82	417	3.58e-11	58.5
Seq_problema	blaOXA-301_1_APQG01000050	26.267	217	138	7	20	232	136	732	3.61e-11	58.5
Seq_problema	blaOXA-228_1_JQ422053	26.267	217	138	7	20	232	136	732	3.65e-11	58.5
Seq_problema	blaOXA-229_1_JQ422052	26.267	217	138	7	20	232	136	732	3.68e-11	58.5
Seq_problema	blaOXA-446_1_KR061495	25.339	221	142	5	15	235	82	675	3.72e-11	58.5
Seq_problema	blaOXA-565_1_KY883665	25.389	193	125	7	41	232	211	735	4.84e-11	58.2
Seq_problema	blaOXA-257_1_KC567681	26.267	217	138	7	20	232	136	732	4.84e-11	58.5
Seq_problema	blaOXA-355_1_KF297584	26.267	217	138	7	20	232	136	732	5.03e-11	58.2
Seq_problema	blaOXA-307_1_NG_050611	26.667	240	147	9	20	248	148	813	5.09e-11	58.2
Seq_problema	blaOXA-49_1_AY288523	24.870	193	127	7	41	232	211	738	5.77e-11	58.2
Seq_problema	blaOXA-372_1_KJ746496	26.020	196	126	5	34	228	139	672	5.88e-11	57.8
Seq_problema	blaOXA-347_1_JN086160	26.842	190	121	5	47	235	214	732	5.94e-11	58.2
Seq_problema	blaOXA-373_1_HG931732	27.184	206	129	6	21	223	145	708	5.94e-11	58.2
Seq_problema	blaOXA-347_1_ACWG01000053	26.842	190	121	5	47	235	214	732	5.94e-11	58.2
Seq_problema	blaOXA-356_1_KF297585	26.267	217	138	7	20	232	136	732	5.96e-11	58.2
Seq_problema	blaOXA-211_1_JN861779	27.670	206	128	6	21	223	145	708	6.29e-11	58.2
Seq_problema	blaOXA-212_1_JN861780	27.670	206	128	6	21	223	145	708	6.47e-11	58.2
Seq_problema	blaNPS_1_AY027589	24.390	205	134	6	34	236	142	699	7.78e-11	57.8
Seq_problema	blaOXA-103_1_APQF01000011	24.870	193	126	7	41	232	211	735	8.21e-11	57.8
Seq_problema	blaOXA-282_1_APQS01000019	25.114	219	138	9	20	232	133	729	8.45e-11	57.8
Seq_problema	blaOXA-278_1_KC771279	25.571	219	137	9	20	232	133	729	9.29e-11	57.4
Seq_problema	blaOXA-283_1_AYHO01000005	25.114	219	138	9	20	232	133	729	9.55e-11	57.4
Seq_problema	blaOXA-284_1_APRU01000004	24.658	219	139	9	20	232	133	729	9.83e-11	57.4
Seq_problema	blaOXA-453_1_KR061507	25.000	224	138	6	22	245	91	672	1.05e-10	57.4
Seq_problema	blaOXA-363_1_KF460533	24.658	219	139	9	20	232	133	729	1.07e-10	57.4
Seq_problema	blaOXA-276_1_APPI01000013	26.941	219	134	9	20	232	133	729	1.11e-10	57.4
Seq_problema	blaLCR-1_1_X56809	24.390	205	134	6	34	236	142	699	1.31e-10	57.0
Seq_problema	blaOXA-398_1_KM087842	24.870	193	126	7	41	232	211	735	1.33e-10	57.0
Seq_problema	blaOXA-146_1_FJ194494	24.870	193	127	7	41	232	211	738	1.47e-10	57.0
Seq_problema	blaOXA-496_1_KT200608	25.909	220	135	11	20	232	133	729	1.66e-10	56.6
Seq_problema	blaOXA-73_1_AY762325	24.870	193	126	7	41	232	211	735	1.76e-10	56.6
Seq_problema	blaOXA-166_1_HM488987	24.870	193	126	7	41	232	211	735	1.78e-10	56.6
Seq_problema	blaOXA-366_1_KP050485	24.870	193	126	7	41	232	211	735	1.78e-10	56.6
Seq_problema	blaOXA-225_1_JN638887	24.870	193	126	7	41	232	211	735	1.80e-10	56.6
Seq_problema	blaOXA-171_1_HM488992	24.870	193	126	7	41	232	211	735	1.85e-10	56.6
Seq_problema	blaOXA-167_1_HM488988	24.870	193	126	7	41	232	211	735	1.85e-10	56.6
Seq_problema	blaOXA-23_1_AY795964	24.870	193	126	7	41	232	211	735	1.85e-10	56.6
Seq_problema	blaOXA-27_1_AF201828	24.870	193	126	7	41	232	211	735	1.86e-10	56.6
Seq_problema	blaOXA-159_1_KP771987	26.106	226	145	7	22	242	184	810	1.87e-10	56.6
Seq_problema	blaOXA-168_1_HM488989	24.870	193	126	7	41	232	211	735	1.88e-10	56.6
Seq_problema	blaOXA-482_1_KP264124	23.834	193	128	7	41	232	211	735	1.94e-10	56.6
Seq_problema	blaOXA-169_1_HM488990	24.870	193	126	7	41	232	211	735	1.95e-10	56.6
Seq_problema	blaOXA-133_1_EU571228	24.870	193	126	7	41	232	211	735	2.07e-10	56.6
Seq_problema	blaOXA-102_1_NZ_LWGP01000001	24.870	193	126	7	41	232	211	735	2.11e-10	56.6
Seq_problema	blaOXA-280_1_APPZ01000001	27.184	206	129	6	21	223	148	711	2.13e-10	56.6
Seq_problema	blaOXA-422_1_KM433671	24.870	193	126	7	41	232	211	735	2.19e-10	56.2
Seq_problema	blaOXA-440_1_KP727574	25.907	193	124	8	41	232	211	735	2.23e-10	56.2
Seq_problema	blaOXA-165_1_HM488986	24.870	193	126	7	41	232	211	735	2.36e-10	56.2
Seq_problema	blaOXA-158_1_KP771986	26.106	226	145	7	22	242	184	810	2.41e-10	56.2
Seq_problema	blaOXA-281_1_APON01000041	27.184	206	129	6	21	223	145	708	2.71e-10	56.2
Seq_problema	blaOXA-418_1_KJ997966	25.806	217	139	7	20	232	136	732	2.82e-10	56.2
Seq_problema	blaOXA-334_1_KF203108	25.728	206	132	6	21	223	145	708	2.84e-10	56.2
Seq_problema	blaOXA-435_1_KP144324	24.870	193	126	7	41	232	211	735	2.98e-10	55.8
Seq_problema	blaOXA-236_1_JQ820242	27.854	219	132	9	20	232	133	729	3.13e-10	55.8
Seq_problema	blaOXA-277_1_APPQ01000011	25.571	219	137	9	20	232	133	729	3.28e-10	55.8
Seq_problema	blaOXA-235_1_JQ820240	27.854	219	132	9	20	232	133	729	3.34e-10	55.8
Seq_problema	blaOXA-164_1_GU831575	26.562	192	116	6	45	232	235	747	3.38e-10	55.8
Seq_problema	blaOXA-518_1_KU739134	28.319	113	80	1	19	131	82	417	3.52e-10	55.5
Seq_problema	blaOXA-537_1_KX360747	27.397	219	133	9	20	232	133	729	3.84e-10	55.8
Seq_problema	blaOXA-285_1_APRY01000059	24.658	219	139	9	20	232	133	729	3.95e-10	55.8
Seq_problema	blaOXA-362_1_KF460532	24.658	219	139	9	20	232	133	729	4.63e-10	55.5
Seq_problema	blaOXA-309_1_HF947514	27.184	206	129	6	21	223	145	708	4.80e-10	55.5
Seq_problema	blaOXA-423_1_KM433672	24.352	193	127	7	41	232	211	735	6.26e-10	55.1
Seq_problema	blaOXA-275_1_APPJ01000001	25.229	218	141	7	19	232	148	747	6.80e-10	55.1
Seq_problema	blaOXA-295_1_APRW01000016	24.255	235	149	7	21	244	151	801	7.63e-10	54.7
Seq_problema	blaOXA-288_1_APRN01000033	25.101	247	163	7	20	262	154	840	7.78e-10	54.7
Seq_problema	blaOXA-170_1_HM488991	24.870	193	126	7	41	232	211	735	7.84e-10	54.7
Seq_problema	blaOXA-397_1_KM087865	26.042	192	117	6	45	232	235	747	7.93e-10	54.7
Seq_problema	blaOXA-5_1_AF347074	26.943	193	125	5	41	232	175	708	8.08e-10	54.7
Seq_problema	blaOXA-173_1_HM113559	25.833	240	149	9	20	248	142	807	8.34e-10	54.7
Seq_problema	blaOXA-297_1_APRR01000006	24.057	212	135	8	41	244	241	822	9.19e-10	54.7
Seq_problema	blaOXA-308_1_APPN01000080	25.641	195	123	7	41	232	217	744	9.33e-10	54.7
Seq_problema	blaOXA-58_1_AY665723	26.042	192	117	6	45	232	235	747	1.04e-09	54.3
Seq_problema	blaOXA-420_1_AB983359	26.042	192	117	6	45	232	235	747	1.06e-09	54.3
Seq_problema	blaOXA-97_1_EF102240	26.042	192	117	6	45	232	235	747	1.20e-09	54.3
Seq_problema	blaOXA-483_1_KP264125	24.352	193	127	7	41	232	211	735	1.34e-09	53.9
Seq_problema	blaOXA-292_1_APRO01000007	23.509	285	174	8	4	262	34	834	1.61e-09	53.9
Seq_problema	blaOXA-360_1_KF421163	26.484	219	135	9	20	232	133	729	1.67e-09	53.9
Seq_problema	blaOXA-294_1_APPC01000015	22.979	235	152	8	21	244	151	801	1.69e-09	53.9
Seq_problema	blaOXA-274_1_APOS01000038	25.229	218	141	7	19	232	148	747	1.75e-09	53.9
Seq_problema	blaOXA-291_1_APRL01000010	24.211	285	172	8	4	262	34	834	1.77e-09	53.9
Seq_problema	blaOXA-129_1_FJWZ01000025	26.984	189	122	5	45	232	187	708	1.91e-09	53.5
Seq_problema	blaOXA-273_1_APQN01000012	24.885	217	141	8	20	232	139	735	2.21e-09	53.5
Seq_problema	blaOXA-298_1_APSA01000003	23.404	235	151	9	21	244	172	822	2.27e-09	53.5
Seq_problema	blaOXA-306_1_APSB01000022	25.984	254	152	10	20	262	148	834	2.64e-09	53.1
Seq_problema	blaOXA-302_1_APRT01000004	26.506	249	157	9	20	262	154	840	2.72e-09	53.1
Seq_problema	blaOXA-96_1_DQ519090	25.521	192	118	6	45	232	235	747	2.77e-09	53.1
Seq_problema	blaOXA-512_1_KU726870	26.042	192	117	6	45	232	235	747	4.79e-09	52.4
Seq_problema	blaOXA-563_1_KY767021	24.885	217	141	8	20	232	139	735	4.80e-09	52.4
Seq_problema	blaOXA-131_1_EU547446	25.417	240	150	9	20	248	142	807	4.87e-09	52.4
Seq_problema	blaOXA-286_1_APOI01000030	23.333	240	155	8	20	248	154	819	6.21e-09	52.0
Seq_problema	blaOXA-293_1_NG_050610	23.828	256	155	11	20	262	148	834	6.69e-09	52.0
Seq_problema	blaOXA-296_1_APOH01000009	26.984	189	119	6	45	232	244	756	7.07e-09	52.0
Seq_problema	blaOXA-289_1_APRM01000005	25.472	212	132	6	41	244	178	759	8.99e-09	51.6
Seq_problema	blaOXA-381_1_KJ135344	26.250	240	148	9	20	248	142	807	1.08e-08	51.2
Seq_problema	blaOXA-209_1_JF268688	25.789	190	123	5	47	235	214	732	1.67e-08	50.8
Seq_problema	blaOXA-195_1_HQ425493	25.417	240	150	8	20	248	142	807	1.83e-08	50.8
Seq_problema	blaOXA-279_1_APOM01000058	23.827	277	160	9	5	248	37	813	1.86e-08	50.8
Seq_problema	blaOXA-198_1_HQ634775	24.885	217	124	6	30	235	142	708	2.20e-08	50.4
Seq_problema	blaOXA-287_1_NG_050609	22.917	240	156	8	20	248	148	813	2.21e-08	50.4
Seq_problema	blaOXA-371_1_AB871653	26.667	240	147	10	20	248	142	807	2.40e-08	50.4
Seq_problema	blaOXA-290_1_APOK01000044	24.766	214	135	6	41	246	178	765	2.95e-08	50.1
Seq_problema	blaOXA-303_1_APSD01000035	23.333	240	155	8	20	248	154	819	3.17e-08	50.1
Seq_problema	blaOXA-421_1_KM401566	23.963	217	143	8	20	232	139	735	5.11e-08	49.3
Seq_problema	blaOXA-139_1_AM991978	24.870	193	126	7	41	232	217	741	8.56e-08	48.5
Seq_problema	blaOXA-242_1_JX025022	24.576	236	148	10	24	248	157	807	1.43e-07	48.1
Seq_problema	blaOXA-266_1_APPO01000008	25.701	214	140	6	45	257	229	816	1.79e-07	47.8
Seq_problema	blaOXA-272_1_LSAL01000001	23.502	217	144	8	20	232	139	735	1.96e-07	47.8
Seq_problema	blaOXA-437_1_KP410856	24.870	193	126	7	41	232	217	741	2.54e-07	47.4
Seq_problema	blaOXA-72_1_AY739646	24.870	193	126	7	41	232	217	741	3.17e-07	47.0
Seq_problema	blaOXA-533_1_KX668472	23.963	217	143	8	20	232	139	735	3.57e-07	47.0
Seq_problema	blaOXA-160_1_GU199038	24.870	193	126	7	41	232	217	741	4.25e-07	46.6
Seq_problema	blaOXA-26_1_AF201827	24.870	193	126	7	41	232	217	741	5.44e-07	46.2
Seq_problema	blaOXA-24_1_AJ239129	24.870	193	126	7	41	232	217	741	5.44e-07	46.2
Seq_problema	blaOXA-182_1_HM640278	24.490	196	129	7	41	235	217	750	1.04e-06	45.4
Seq_problema	blaOXA-25_1_AF201826	24.352	193	127	7	41	232	217	741	1.45e-06	45.1
Seq_problema	blaOXA-143_1_GQ861437	24.490	196	129	6	41	235	217	750	2.23e-06	44.3
Seq_problema	blaOXA-231_1_JQ326200	24.490	196	129	6	41	235	217	750	2.40e-06	44.3
Seq_problema	blaOXA-207_1_LLFS01000355	24.352	193	127	7	41	232	217	741	6.38e-06	43.1
Seq_problema	blaOXA-299_1_APQD01000016	24.286	210	136	7	41	248	223	789	7.16e-06	42.7
Seq_problema	blaOXA-499_1_KT964029	24.352	193	127	6	41	232	217	741	9.76e-06	42.4
Seq_problema	blaOXA-255_1_KC479325	24.352	193	127	6	41	232	217	741	1.13e-05	42.4
Seq_problema	blaOXA-253_1_KC479324	23.834	193	128	6	41	232	217	741	1.24e-05	42.0
Seq_problema	erm(45)_1_LN680996	34.884	43	25	1	64	106	238	357	1.1	26.9
Seq_problema	blaBEL-3_1_GQ202694	42.000	50	20	3	26	72	121	252	1.8	26.2
Seq_problema	blaBEL-1_1_DQ089809	43.902	41	18	2	26	63	121	237	1.9	26.2
Seq_problema	blaBEL-2_1_FJ666063	43.902	41	18	2	26	63	121	237	2.0	26.2
Seq_problema	tet(34)_1_AB061440	30.000	30	21	0	9	38	444	355	2.2	25.8
Seq_problema	mecB_1_NC_011996	40.741	27	15	1	195	221	1801	1878	5.4	25.0
